0.000000000000000000e+00
5.303030303030303177e-02
6.031746031746031828e-02
4.603174603174603474e-02
4.678362573099414945e-02
4.597701149425287293e-02
1.238095238095238138e-01
3.636363636363636187e-02
1.266666666666666774e-01
6.315789473684210731e-02
1.563218390804597679e-01
5.333333333333333676e-02
7.126436781609195303e-02
6.882591093117408632e-02
2.898550724637681195e-02
7.308377896613191260e-02
5.928853754940711235e-02
1.102941176470588203e-01
4.923076923076923073e-02
4.329004329004328827e-02
4.761904761904761640e-02
5.147058823529411520e-02
3.636363636363636187e-02
6.493506493506492894e-02
1.515151515151515194e-02
1.499999999999999944e-01
2.564102564102564014e-02
1.157894736842105254e-01
1.286549707602339110e-01
1.578947368421052544e-01
8.387096774193548987e-02
1.846153846153846326e-02
4.812834224598930288e-02
1.005291005291005235e-01
2.666666666666666838e-02
5.555555555555555247e-02
8.333333333333333218e-03
7.499999999999999722e-02
2.317073170731707293e-02
1.228070175438596423e-01
1.994301994301994271e-02
6.842105263157895190e-02
1.033333333333333326e-01
2.926829268292683098e-02
2.536231884057971175e-02
3.373819163292847423e-02
3.010752688172043182e-02
4.207650273224043669e-02
2.016129032258064460e-02
2.938775510204081481e-02
2.657807308970099730e-02
2.419354838709677352e-02
3.271692745376955647e-02
1.476190476190476220e-01
9.956709956709956788e-02
0.000000000000000000e+00
4.615384615384615641e-02
5.533596837944664004e-02
7.619047619047619735e-02
4.040404040404040747e-02
5.769230769230769551e-02
6.262626262626262708e-02
4.347826086956521618e-02
5.469387755102040477e-02
8.187134502923976154e-02
7.692307692307692735e-02
1.568627450980392135e-01
1.476190476190476220e-01
1.557971014492753603e-01
1.076923076923076983e-01
6.417112299465241310e-02
7.007575757575756903e-02
4.285714285714285754e-02
8.817204301075268202e-02
6.060606060606060774e-02
2.164502164502164414e-02
5.627705627705627961e-02
3.333333333333333287e-02
8.999999999999999667e-02
1.960784313725490169e-02
3.267973856209150513e-02
1.212121212121212155e-01
5.263157894736841813e-02
8.496732026143791194e-02
9.782608695652174335e-02
2.164502164502164414e-02
2.614379084967320341e-02
1.323529411764705899e-01
9.090909090909091161e-02
1.083333333333333370e-01
3.846153846153846367e-02
3.076923076923077094e-02
1.449275362318840597e-02
6.386554621848739011e-02
9.523809523809524669e-03
3.030303030303030387e-02
4.333333333333333481e-02
6.050420168067226906e-02
1.225296442687747039e-01
1.660079051383399340e-01
1.428571428571428492e-01
1.010101010101010187e-02
3.065539112050739978e-02
3.218390804597701105e-02
4.204204204204204515e-02
5.897435897435897301e-02
4.316939890710382727e-02
3.225806451612903136e-02
1.137980085348506455e-02
3.238866396761133637e-02
4.804804804804804763e-02
4.597701149425287293e-02
5.555555555555555247e-02
2.795698924731182880e-02
2.380952380952380820e-02
5.882352941176470507e-02
1.285714285714285587e-01
1.208791208791208799e-01
4.761904761904762334e-03
8.791208791208791895e-02
3.921568627450980338e-02
5.882352941176470507e-02
4.395604395604395948e-02
6.535947712418301025e-02
1.397058823529411797e-01
1.515151515151515194e-02
1.255411255411255367e-01
5.291005291005290712e-02
1.754385964912280604e-02
0.000000000000000000e+00
