4.000000000000000000e+00
1.090000000000000000e+02
7.800000000000000000e+01
1.730000000000000000e+02
3.025000000000000000e+01
9.500000000000000000e+01
3.750000000000000000e+01
1.100000000000000000e+01
6.550000000000000000e+01
5.275000000000000000e+01
4.450000000000000000e+01
5.750000000000000000e+01
5.800000000000000000e+01
7.400000000000000000e+01
1.400000000000000000e+01
1.235000000000000000e+02
7.000000000000000000e+00
1.800000000000000000e+01
2.900000000000000000e+01
2.425000000000000000e+01
4.125000000000000000e+01
4.900000000000000000e+01
5.500000000000000000e+00
2.700000000000000000e+01
1.150000000000000000e+01
3.700000000000000000e+01
1.000000000000000000e+00
1.350000000000000000e+01
2.900000000000000000e+01
3.500000000000000000e+01
8.250000000000000000e+01
2.450000000000000000e+01
3.850000000000000000e+01
4.750000000000000000e+01
2.300000000000000000e+01
4.125000000000000000e+01
2.100000000000000000e+01
2.300000000000000000e+01
1.000000000000000000e+02
2.650000000000000000e+01
9.200000000000000000e+01
9.400000000000000000e+01
2.700000000000000000e+01
2.315000000000000000e+02
1.100000000000000000e+02
9.700000000000000000e+01
4.200000000000000000e+01
1.395000000000000000e+02
3.000000000000000000e+01
1.260000000000000000e+02
3.035000000000000000e+02
9.000000000000000000e+00
1.645000000000000000e+02
1.500000000000000000e+01
7.450000000000000000e+01
2.300000000000000000e+01
8.500000000000000000e+01
1.300000000000000000e+01
2.600000000000000000e+01
8.850000000000000000e+01
2.135000000000000000e+02
1.495000000000000000e+02
8.450000000000000000e+01
1.180000000000000000e+02
3.900000000000000000e+01
8.000000000000000000e+00
4.050000000000000000e+01
6.050000000000000000e+01
3.300000000000000000e+01
6.250000000000000000e+01
5.850000000000000000e+01
8.725000000000000000e+01
3.900000000000000000e+01
8.900000000000000000e+01
3.500000000000000000e+01
8.000000000000000000e+00
1.450000000000000000e+01
9.000000000000000000e+00
2.900000000000000000e+01
1.000000000000000000e+01
6.150000000000000000e+01
2.500000000000000000e+01
3.800000000000000000e+01
1.600000000000000000e+01
5.500000000000000000e+01
1.250000000000000000e+01
1.000000000000000000e+01
3.550000000000000000e+01
1.700000000000000000e+01
2.400000000000000000e+01
3.000000000000000000e+00
2.100000000000000000e+01
6.250000000000000000e+00
7.450000000000000000e+01
6.000000000000000000e+00
3.600000000000000000e+01
7.700000000000000000e+01
1.305000000000000000e+02
8.400000000000000000e+01
4.400000000000000000e+01
4.950000000000000000e+01
1.080000000000000000e+02
1.355000000000000000e+02
1.100000000000000000e+01
1.095000000000000000e+02
1.050000000000000000e+02
2.120000000000000000e+02
6.050000000000000000e+01
1.127500000000000000e+02
6.250000000000000000e+01
5.400000000000000000e+01
2.975000000000000000e+01
9.000000000000000000e+01
1.310000000000000000e+02
3.000000000000000000e+01
7.000000000000000000e+00
2.900000000000000000e+01
2.100000000000000000e+01
3.350000000000000000e+01
1.200000000000000000e+01
2.950000000000000000e+01
1.100000000000000000e+01
4.000000000000000000e+00
2.100000000000000000e+01
2.150000000000000000e+01
2.500000000000000000e+00
4.475000000000000000e+01
1.505000000000000000e+02
8.000000000000000000e+00
3.000000000000000000e+00
