6.661621876514195462e-01
-8.101829854818806131e-01
3.770753513296788428e-01
9.052813515236850517e-01
-4.940857832797309612e-01
8.577634714540802729e-01
-1.523579258710018536e+00
-7.821608125995135330e-01
1.392690172418311612e+00
9.885289093691809192e-01
1.490522859108777132e+00
5.750866648541385073e-01
3.965654575490971667e-01
6.300711967040928396e-01
-1.127291568006747458e+00
1.580518104396139378e+00
7.943107074247310884e-01
-1.684991819627700949e+00
-1.227977528926790241e+00
1.073531079772370944e+00
1.403916874169677920e+00
-9.962353533069080447e-01
9.764312425793844064e-01
-2.082643928003880818e-01
-9.891776245924877031e-01
-1.619321438609129915e+00
-9.613301854157683124e-01
-2.020174301055356114e+00
7.342110640799907051e-01
-4.058541783925898039e-02
-7.799439188934256251e-01
3.515781133082260257e-01
5.215303026626262328e-01
4.893964853477186239e-01
4.806715645209816423e-01
1.654521096923248225e+00
-3.166356973056672630e-01
-1.888550834446075299e+00
-2.709894900779319382e-01
-9.953163472813885138e-01
-1.082621919705740954e+00
2.629547612616051078e-01
3.622932266270995072e-01
-8.234622205092416714e-01
-1.580263682524551072e+00
1.237408791718241252e+00
1.119316517438984970e+00
1.709318385822504949e+00
2.945086095352326683e-01
6.134037003904992957e-01
7.861768331881657801e-01
-3.442005782008216164e-01
-4.466697500462460391e-01
-1.125787703572623588e+00
-1.379363512721467400e+00
-5.358133345216377075e-01
-8.676191135231320350e-01
-1.132916768004786634e-01
-5.567541822822894559e-01
-2.530530582889853886e-01
6.408340189624093242e-01
1.004449101234162756e+00
-6.531673817736234344e-01
8.329715340264615131e-01
-1.202499517153776454e+00
-1.942120496042378797e-01
5.357186053974662965e-01
6.405011550768714423e-01
9.537795944244786828e-01
-2.059886354968288646e+00
8.243022702519781086e-01
-3.817870063008884651e-01
2.223287592193745055e-01
1.341299686607380304e+00
-8.773618777796866608e-01
2.216146743901547256e-01
-6.895575676947826027e-01
3.033638919118704647e-01
1.031297296993426871e+00
-2.935871608789470885e-02
-7.301831089190125024e-01
6.012789487647044462e-01
-1.050796443197067109e+00
-3.208390843512094470e-01
-9.647031065469713340e-01
7.257064457558703996e-01
-8.735844808400660133e-01
2.231667699054551868e+00
-5.572796056629829575e-01
-1.546567267058050588e+00
-1.510214137577441162e+00
1.602654734101965017e+00
8.813367081618116439e-01
8.522447200910292231e-02
1.495579552338456075e+00
-2.407885619706253699e+00
2.712329667087302054e-01
4.723933590738579880e-01
-4.663551386300712753e-01
-7.065691825751545252e-02
1.255365508393373464e-01
-1.084919434769540114e+00
1.934179467280867926e-01
5.430997394382576227e-01
1.330228400295710767e+00
1.177213897046713420e+00
2.086110856285500859e+00
-3.403604458798949878e-02
-1.415597495737711820e-01
7.728512458181330258e-01
1.644692569242222346e-01
-1.533516246990258347e+00
-1.088595458871617794e+00
-5.243257592026436820e-01
-1.517698605411684554e+00
-7.901014109541852903e-01
6.464653595042884060e-01
1.125126059315454619e+00
1.854939135097794400e+00
6.429625369663337364e-02
2.946118201657754732e-01
-9.339101143407153582e-01
-9.911041769883585650e-02
4.799061478246615664e-01
6.701094116354651131e-01
1.446685168299466806e+00
9.582165653820336193e-02
-2.827614127615573070e-01
-5.356295045899162055e-01
-1.717414430232748535e+00
