5.021337126600284861e-01
4.052287581699346442e-01
8.666666666666666963e-01
5.250000000000000222e-01
7.142857142857143016e-01
6.923076923076922906e-01
6.738461538461538725e-01
6.058201058201058142e-01
5.833333333333333703e-01
4.610917537746805905e-01
5.947580645161290036e-01
5.561497326203208580e-01
5.462365591397849718e-01
5.268817204301075030e-01
4.606866002214839440e-01
6.157635467980295818e-01
5.360360360360360010e-01
5.030030030030030463e-01
5.428571428571428159e-01
4.850241545893719808e-01
4.778012684989429437e-01
3.918128654970760016e-01
5.568181818181817677e-01
4.890756302521008236e-01
5.132275132275132545e-01
3.722943722943722888e-01
4.526515151515151381e-01
4.126984126984126755e-01
4.741532976827094736e-01
6.403162055335968050e-01
5.270655270655271174e-01
6.155303030303029832e-01
5.472370766488413585e-01
5.397727272727272929e-01
4.838709677419354982e-01
5.011494252873562871e-01
4.507389162561576401e-01
5.882352941176470784e-01
4.430769230769230904e-01
3.904761904761904767e-01
4.666666666666666741e-01
5.242165242165242045e-01
4.365591397849462596e-01
4.421052631578947234e-01
3.846153846153846367e-01
5.072463768115942351e-01
4.920634920634920362e-01
4.923076923076923350e-01
5.446153846153846123e-01
5.688405797101449002e-01
5.999999999999999778e-01
3.789173789173789220e-01
5.428571428571428159e-01
4.758620689655172487e-01
4.301075268817204367e-01
5.809523809523809978e-01
4.984615384615384559e-01
5.999999999999999778e-01
4.605042016806722427e-01
4.416666666666666519e-01
5.916666666666666741e-01
5.934065934065934078e-01
6.153846153846154188e-01
4.789473684210526216e-01
5.230769230769231060e-01
5.008403361344537785e-01
6.193181818181817677e-01
5.262096774193548709e-01
5.946969696969697239e-01
5.810276679841896996e-01
6.039886039886039892e-01
5.057471264367816577e-01
5.784946236559139754e-01
5.892473118279569766e-01
4.736842105263157632e-01
4.362244897959183798e-01
4.975609756097560954e-01
4.576074332171893300e-01
4.563265306122448739e-01
5.564516129032257563e-01
3.506493506493506551e-01
6.107526881720429790e-01
4.258064516129032029e-01
4.717741935483871218e-01
5.242165242165242045e-01
4.642375168690958120e-01
5.109243697478991209e-01
4.782051282051282270e-01
5.584045584045583821e-01
4.673913043478261087e-01
5.217391304347825942e-01
4.975609756097560954e-01
5.846560846560846514e-01
4.440753045404208232e-01
4.939516129032258118e-01
3.516483516483516758e-01
5.415019762845849627e-01
5.190476190476190910e-01
5.335968379446640597e-01
6.142857142857143238e-01
4.753787878787879007e-01
4.485294117647058987e-01
4.166666666666666852e-01
4.261363636363636465e-01
5.974025974025973795e-01
4.707692307692307732e-01
4.923076923076923350e-01
6.126482213438735336e-01
6.323529411764705621e-01
5.579710144927536586e-01
4.466666666666666563e-01
4.266666666666666941e-01
3.760683760683760646e-01
5.059288537549406772e-01
4.736842105263157632e-01
5.276292335115864152e-01
5.447154471544715104e-01
4.773109243697479243e-01
4.898989898989898895e-01
5.665024630541871664e-01
4.919354838709677491e-01
5.736842105263157965e-01
4.737903225806451846e-01
5.419630156472261540e-01
4.438502673796791420e-01
5.114709851551957343e-01
5.508021390374331361e-01
4.798387096774193727e-01
4.677419354838709409e-01
5.761904761904761418e-01
