7.026103632214576677e+00
5.885359895352586790e+01
9.365680180643057895e+01
1.009648307293165885e+02
3.188922005248779357e+01
7.539135708618150034e+01
1.496065338955528112e+01
5.433732263416374053e+00
4.435679308692052558e+01
2.343257695937180785e+01
5.514819842795975546e+01
4.366658053793223360e+01
5.542968532418076677e+01
1.128145875457158382e+02
2.283426037719437218e+01
9.032119863500680879e+01
2.094780632939256648e+01
1.729674794420415296e+01
3.846437326695571102e+01
1.617819215682816036e+01
1.770184375124529907e+01
2.487185060222241617e+01
7.332540180564364185e+00
3.093230044483828323e+01
1.079644994118013557e+01
4.629712728514486031e+01
1.016586739816408702e+01
3.341499026019707230e+01
2.279992126395558927e+01
3.913588714543975300e+01
8.548784370920736819e+01
3.003783432026288835e+01
7.210341399126781425e+01
4.117824136657360867e+01
5.535794674060922915e+01
6.733253604308730189e+01
1.754902149899012187e+01
1.440759571654951543e+01
1.833681521521641571e+02
2.297619240478082148e+01
8.390582062222279092e+01
3.456588111888829218e+01
4.888140698385687699e+01
1.774548840670926211e+02
3.660283180134648262e+01
1.249495790602769176e+02
6.028534726457181847e+01
2.758380509532423162e+02
5.745413642374347774e+01
1.800930493225763769e+02
1.274741945080257182e+02
4.968608216013413426e+01
1.284397359273566792e+02
2.525553168546250760e+01
3.909994231154241362e+01
1.184812098532982816e+01
5.656628232059926376e+01
2.634906121483762576e+01
1.109466238504100488e+01
1.366723309757196603e+02
1.333522380444681801e+02
1.494730450615853385e+02
5.276119177130934901e+01
1.800012376054926904e+02
2.174786640216268907e+01
9.583721510653386844e+00
1.455519630909254047e+01
2.213530120002036483e+01
2.703612827263046725e+01
4.217875668604967387e+01
9.116699679076739926e+01
6.549982824966910755e+01
2.141805432548040500e+01
6.579919998767879008e+01
2.064851414523761619e+01
2.063742089848366845e+01
1.863370901670585766e+01
9.181028732914359836e+00
2.566675604902858865e+01
1.275564432041658591e+01
3.684571580706332128e+01
1.021046913957244229e+01
3.472753964974099006e+01
2.028854955524582948e+01
3.558596931360445836e+01
1.952940551263851532e+01
2.230706935709567418e+01
1.940639792409718467e+01
8.516092348114870703e+00
2.791568723958953768e+01
8.859105423333810236e+00
2.789779067584158412e+01
3.252668367104060820e+01
7.001418666815578717e+01
2.148191947755167774e+01
1.373263166326742279e+01
4.403721988191503556e+01
1.192043230475885878e+02
3.645261096064773909e+01
3.403342896756014113e+01
2.813829094768392025e+01
2.147990839720015970e+02
1.363718047800781505e+02
4.853128471373041464e+01
1.292523599039791407e+02
1.692718260992117223e+02
2.887104264362941990e+02
5.922485334501618581e+01
1.001427680667104596e+02
9.768618769200115537e+01
8.574093322048183552e+01
6.985904291891857554e+01
1.443635459394565146e+02
9.930438561135065356e+01
3.381344547840762260e+01
1.568783888682870575e+01
1.713952042018414801e+01
9.714557102274831379e+00
1.880127761025373090e+01
8.550718111697015900e+00
1.814686800859191962e+01
1.723424164648771750e+01
1.263642650616949403e+01
1.762266281061366513e+01
2.001067946457074598e+01
4.720756168506992978e+00
3.076938152482246380e+01
6.588687743817683895e+01
1.865645191521245749e+01
2.575084783672243915e+00
