6.416807306758556262e-01
6.948953157114416967e-01
6.313720287252413410e-01
6.570721343073746556e-01
7.269453902552684976e-01
6.181636230523024356e-01
6.536477838215126734e-01
6.927723523331822397e-01
6.788194525013309111e-01
7.150914834690245137e-01
6.911513337395130963e-01
7.779572054840525608e-01
7.202332090189078606e-01
7.190629005917921202e-01
6.965399633367930221e-01
7.132400470935218451e-01
7.590494730851863325e-01
6.892358159389391226e-01
6.955117022299114327e-01
6.751052610547185751e-01
7.154048750960668723e-01
7.773018481992841622e-01
5.903476007808206028e-01
6.223990048549696841e-01
6.438283416497756484e-01
5.334740646684958953e-01
6.110214408794470975e-01
7.473221800410067006e-01
7.008355252554077097e-01
5.203143274544219654e-01
7.539302479966607518e-01
7.278914861552903126e-01
7.435124734970475213e-01
6.738259340794723329e-01
7.113433317311117499e-01
7.361061486909148410e-01
7.060786139956100049e-01
7.642850611502645108e-01
7.624445323521785722e-01
6.137511392302691382e-01
7.212876149732289077e-01
7.554196795731745739e-01
7.519358179447678259e-01
7.782975328178258767e-01
6.984110742773159686e-01
7.235544379177103469e-01
7.110243158231547289e-01
7.881449207922293088e-01
7.146779380416566907e-01
7.671408947624750452e-01
7.861309168048833396e-01
7.209508466561476148e-01
7.379639861111112475e-01
7.258095592762299209e-01
7.514209119632964118e-01
5.250324779394102137e-01
7.167596353321212810e-01
6.230382798852796000e-01
6.869342121000943102e-01
7.127620214007779342e-01
6.864523374755411300e-01
6.659179845155722699e-01
7.030253673990507490e-01
6.975897654911878965e-01
7.678356270856152577e-01
6.996498167395299728e-01
7.043838913480717778e-01
6.358316644742585400e-01
6.766039062151055772e-01
7.517846551201601280e-01
7.145058668903927490e-01
7.231218147158209320e-01
7.147130657212901195e-01
7.215150497100666360e-01
6.893795565691401839e-01
7.558573452528667413e-01
7.585980600985600120e-01
7.039441921255122914e-01
6.952726209136930180e-01
7.294503678793697876e-01
6.109718290054342305e-01
7.899446568531095503e-01
6.736439454790973391e-01
5.363161354945081838e-01
6.574809843452480429e-01
6.740306601843094603e-01
6.694737928283001072e-01
6.419550201599576456e-01
7.888710217512340250e-01
7.508095760607925717e-01
5.834820295644392862e-01
7.087929749972192717e-01
6.691549949148238863e-01
7.368546356875824710e-01
6.167612385667383679e-01
6.591580864947772511e-01
7.270047549098098694e-01
7.728885979640622850e-01
6.466129286234141293e-01
7.727008086002499221e-01
7.722380678936702214e-01
7.602521221678200103e-01
7.248236342304337221e-01
6.799758751660752720e-01
7.455120538558220877e-01
7.378878012048191160e-01
7.913033177005150964e-01
7.033364361442444590e-01
7.656347113925591197e-01
7.082656630899193395e-01
7.048408574617086586e-01
7.557637505806595879e-01
7.234430375849918438e-01
7.427770578723935646e-01
7.086805983382136187e-01
6.277957650157575120e-01
6.994148821967657303e-01
7.312275024736518692e-01
7.085198251171231920e-01
7.069163338118042983e-01
6.441414941477593414e-01
5.000666197742218433e-01
6.238426758887409829e-01
7.028253203917983472e-01
7.454465676930923657e-01
7.252171253004355833e-01
7.846467666200565017e-01
7.162122601811311551e-01
6.852699538607032181e-01
4.528172924943396627e-01
