-3.394401534513402097e-01
4.951811154117243263e-01
1.658602101794011574e+00
1.115672308148944358e+00
-1.111137205973415254e+00
8.583424326562890672e-01
-1.469120704590389126e+00
-1.442391990925603773e+00
-1.035638906641443147e-01
-1.184321652093193178e+00
2.676558085604730311e-02
-8.838540433097442639e-01
6.046588038843376811e-01
2.101466769112318111e+00
-7.384410222696410897e-02
6.608812705585417335e-01
-8.681854870234904098e-01
-3.138397782631331401e-01
5.735789062985433007e-02
-2.006968577515124974e-01
-1.696235900419147402e-01
-2.078187914748001131e+00
-7.526581021050952058e-01
1.024115286359349695e-02
-1.401811234346809210e+00
8.597921784337123619e-01
9.621704495248295519e-02
-5.973459987228277868e-01
-3.450665503717373905e-01
1.240461963913316312e-01
-3.282744861647727830e-01
-2.367008618638235529e-01
2.986428904433262033e-01
2.492222129295804112e-02
3.002338079836147089e-01
-2.223826040012253369e-01
-9.751003416826321546e-01
-1.402723408435355035e+00
2.430692537164909961e+00
-4.964449963458890114e-01
9.283948710940286286e-01
-1.679663070905680344e+00
-4.149159090357201207e-01
1.153208844244005604e+00
-5.986520736542392251e-01
2.443155496062303200e+00
6.518265843874196941e-01
1.543331405038055104e+00
7.552362245061847723e-01
1.098078954438401089e+00
6.048847274584280287e-01
7.432351726261857139e-02
1.356795746967805583e+00
-5.105737317842935497e-01
-1.187248859288144498e+00
-6.773850205237950117e-01
-2.862318586194946279e-01
1.234166094679109760e+00
-2.738292084976980956e-01
2.205881132771349229e+00
1.270070233444537733e+00
2.231251683876259939e+00
-5.500855901105548007e-01
2.565418085572355622e+00
-1.414741597479273860e+00
-9.391548302024036454e-01
-1.103163604197586523e+00
-5.718317767719061084e-01
9.312652512723820775e-02
-5.972116312494598622e-01
1.406520213827898269e+00
1.002824469511485184e+00
-1.010379874442488335e+00
5.659482530594758254e-01
-4.696246994635559502e-01
-9.868184821099490467e-01
-4.735566438712838222e-01
-4.790129675744335680e-01
-1.356813355793803823e-03
-1.521366775646953995e+00
-5.667576665509244105e-01
-1.636868807075041676e+00
-1.118864637953911112e+00
-1.405324079884411048e-01
-1.782257982014498199e-01
1.705048581222473256e-02
4.380680238256219883e-01
-7.881723028785034280e-02
-1.429739679886854464e+00
-6.501272751435840380e-01
-1.532208538035044476e-01
-2.431337023528131608e-02
6.359174089845321953e-01
-1.563168909499220577e-02
5.261440987046108742e-01
-1.611299499184492223e+00
-7.195443353414461285e-01
7.296323025579968258e-01
-2.840572399533591308e-01
-6.104941132948717986e-01
-7.592321593911172117e-01
1.530471777727445692e+00
1.372277310752888724e+00
1.483941315477621981e+00
1.314882914348793452e+00
1.090919825507101537e+00
1.834233439944523703e+00
5.309168513254778343e-01
1.024944784268548847e+00
2.029561174277439761e+00
1.256375249697127217e+00
2.092581776018228035e-01
7.544445307154263869e-01
3.205567498379809366e-01
-4.841221572377897298e-01
-1.391367798219309837e-01
-1.027776823771569426e+00
-9.675684646987028348e-01
-4.436457719071235650e-01
-9.022179053620937861e-01
-5.935779634332575272e-01
-2.608613075145841953e-01
-1.310289165397721667e-01
-4.083418517496978373e-01
-8.586647758421988019e-01
-1.192298183107810328e+00
-4.658377091708553741e-01
-1.825750355337202313e-01
-3.307563519133578933e-01
-8.980980523948467464e-01
