6.396322167429323002e+01
9.112475845784967987e+01
3.050662247405185656e+00
5.024454842369043917e+01
1.680132313242719988e+01
1.344235685197728358e+01
1.552152122225170849e+01
2.995003157957498274e+01
3.039433430274779013e+01
1.192847852348565141e+02
3.052557142964565884e+01
7.051333853749372338e+01
1.052291537125874186e+02
8.766897554534733672e+01
1.046322738233205456e+02
3.623795022535971100e+01
6.780368735074280551e+01
9.486858050816736920e+01
4.341871466609605079e+01
8.710217607570365317e+01
8.793231610280273003e+01
5.194404243039246438e+01
5.935331873994089591e+01
7.166663356746333591e+01
3.489411563490925516e+01
5.568656500147179145e+01
8.589293732281561233e+01
6.735897627908367724e+01
9.354774001992329602e+01
2.271215493470262459e+01
3.968815830878529027e+01
3.363977610142332964e+01
5.790183362605450412e+01
5.383651065059366658e+01
7.164041487200807978e+01
6.273828394137748887e+01
7.250490294807543989e+01
2.161898689720569422e+01
8.273039785975973359e+01
6.574769521627260360e+01
3.532122132722275154e+01
3.619874012369778171e+01
8.725183666773025948e+01
5.771278204412587343e+01
3.902476184340062559e+01
5.478857176861561840e+01
7.309976589978755612e+01
8.468931867156418036e+01
3.746792009995179029e+01
4.513997466578609874e+01
2.966932137269676417e+01
1.095475279044111119e+02
2.573054359432800098e+01
4.538225659529233980e+01
1.031038319830618235e+02
3.539227599962985948e+01
4.368837825320319013e+01
4.100636401170429934e+01
8.809002915392426303e+01
6.035800516116452030e+01
3.205587198878222210e+01
2.739279388313999064e+01
3.650445945895516076e+01
7.498166670343928786e+01
5.972450179314056840e+01
8.973663438533077397e+01
2.468008981878296737e+01
7.117022082960052387e+01
3.707444832181385408e+01
7.951709663013507168e+01
4.022293610553398224e+01
1.039111663574498294e+02
4.363309191817013755e+01
5.039452082240892139e+01
9.690876127628017400e+01
1.965346787839193041e+02
8.628758041674083756e+01
1.244547230426785518e+02
1.285104280648590986e+02
3.987745346509921518e+01
7.593190452086972186e+01
3.082843163153419752e+01
6.830680793923218630e+01
5.625180608310145658e+01
3.473180429620278176e+01
8.511916162165381650e+01
5.077320319422743466e+01
7.126603934825145359e+01
3.112668134227903138e+01
4.127412047476725121e+01
3.341369703277347014e+01
8.738553118010581500e+01
3.566079298532105213e+01
1.168101819229826077e+02
6.098143227748222017e+01
5.430371554715426186e+01
3.526280843866912562e+01
5.435474342937190784e+01
3.344495506992942069e+01
1.697646438811966618e+01
7.213980373367265031e+01
3.374472984430464351e+01
8.257283663628824399e+01
1.295521518913353702e+02
2.528131006215514276e+01
6.825382925328692352e+01
7.020064714504108849e+01
2.597696410368601505e+01
1.924511045695779643e+01
5.130409070859415266e+01
7.358225393274774717e+01
7.196441307362698581e+01
1.061276639897419898e+02
6.811419384496073803e+01
5.270132478325458436e+01
6.163638506208318546e+01
4.909407983084848581e+01
6.962887911784034145e+01
8.212746105795531548e+01
3.184255481182178471e+01
7.068805253027184676e+01
2.070513972595411900e+01
6.108489004895579200e+01
4.576850224427187186e+01
1.095495636335039507e+02
5.934688466649159722e+01
4.031997008716707853e+01
7.918812399923476164e+01
9.435687503833980827e+01
1.964675529741801441e+01
