5.242549320676945790e-01
6.273500066569990263e-01
1.157277777777777628e-01
3.648728290882686798e-01
4.761092619986849739e-01
3.011693764286400565e-01
5.903123659918523281e-01
5.679596587836482913e-01
4.523326437421764101e-01
5.737104331502231869e-01
4.387829192914681764e-01
4.217847793631427367e-01
4.114181717946493455e-01
4.699373257800151249e-01
6.715357156469043964e-01
2.686718448961420425e-01
5.321041879334056368e-01
6.009103004545633953e-01
6.125674648791712418e-01
6.319449985729228558e-01
6.321654572924979565e-01
5.704593760334678576e-01
5.098300717166051044e-01
5.624317974339753112e-01
6.531388087729744774e-01
7.446465073310420957e-01
6.613844378488488163e-01
7.046133532672831379e-01
5.287394898165582724e-01
2.159034078901623799e-01
6.085207009653983423e-01
4.593217443575051684e-01
5.227049879911488395e-01
4.894495744727234143e-01
6.214896472822679652e-01
5.413348878198886993e-01
5.668236564303731351e-01
6.218770813235006134e-01
6.395597355824003127e-01
6.381753933328480066e-01
5.573148834560008869e-01
5.137278268445130136e-01
5.979971672365431701e-01
5.618255294145277912e-01
6.852921913615374061e-01
2.129632272508198421e-01
4.080938979289940871e-01
2.291049812513344941e-01
5.798487837449177729e-01
2.857968372186747708e-01
1.351526195544415776e-01
5.779023128670909282e-01
3.446106352736626466e-01
6.815156332216476542e-01
6.085890443656039039e-01
4.850389233944202294e-01
5.609300958470172516e-01
5.222478030705880458e-01
6.660907824971453728e-01
5.020225460234608583e-01
4.176692674225271906e-01
2.660441589302149357e-01
5.375262849232729234e-01
5.148994117599852149e-01
6.546677129893757607e-01
6.294095975219859973e-01
5.779994010902904655e-01
5.099382032513271046e-01
5.714365186232706062e-01
4.646293885030862159e-01
2.964219026616674579e-01
5.541866103695036738e-01
4.857527483525575507e-01
3.508529481463229516e-01
6.430609949206581577e-01
6.684407607270214102e-01
6.440639877128025992e-01
6.522395376387234434e-01
6.414597605792350388e-01
6.461264342842254482e-01
6.448607590276818069e-01
5.449642416397384448e-01
7.289502266208334191e-01
6.687628007990473744e-01
6.801446774052203326e-01
6.684073669637778936e-01
6.809487777319960244e-01
4.689325572638081141e-01
5.298383222976645879e-01
5.941916881319440069e-01
6.625535151419295055e-01
5.593185346151008375e-01
5.316461872394341315e-01
6.317155848044254673e-01
6.049712242962613784e-01
7.071819635217355682e-01
5.367515002168260496e-01
4.068529815466040978e-01
5.840633218815812766e-01
4.752691397921651184e-01
5.415725960517667747e-01
6.432358232114754326e-01
4.174928477375495772e-01
5.251682592366144764e-01
1.239493968058913431e-01
2.371807837936356078e-01
9.686442677737661100e-02
5.938445661818602117e-01
1.911489648228167360e-01
3.873750446625172650e-01
5.075164129008595815e-01
7.005876437178720773e-01
7.189910490006325983e-01
5.066468819272664792e-01
5.740023076805214064e-01
6.322222099775228754e-01
5.958072422973680338e-01
4.836309175103046254e-01
5.551449520762317125e-01
4.805702603878118095e-01
5.055137542307335252e-01
3.828150519031141563e-01
5.978097708658030029e-01
5.726538513461231217e-01
5.390675701507881001e-01
4.854143291290219375e-01
5.445453144570415738e-01
5.692312328621647044e-01
6.250910256332239401e-01
6.575635425753187935e-01
