1.259499999999999709e+01
6.194000000000000838e+00
5.399999999999999467e+00
7.461999999999999744e+00
6.240000000000000213e+00
7.071000000000000618e+00
8.943999999999999062e+00
1.011199999999999832e+01
1.318799999999999706e+01
1.439700000000000024e+01
1.325699999999999790e+01
1.225600000000000200e+01
1.191700000000000159e+01
1.305699999999999861e+01
1.549600000000000044e+01
1.245499999999999829e+01
1.490100000000000158e+01
1.356200000000000294e+01
1.381800000000000139e+01
1.768199999999999505e+01
1.792899999999999494e+01
5.607000000000000206e+00
1.228600000000000314e+01
1.279899999999999949e+01
9.247000000000001663e+00
6.669999999999999929e+00
1.138800000000000168e+01
8.747000000000001663e+00
1.207099999999999973e+01
7.660000000000001030e+00
9.712000000000001521e+00
1.308100000000000129e+01
1.493500000000000050e+01
1.318200000000000216e+01
1.273700000000000010e+01
1.172199999999999598e+01
9.410999999999999588e+00
5.894999999999999574e+00
9.945999999999999730e+00
6.981000000000000760e+00
5.144000000000001016e+00
8.109999999999999432e+00
1.106899999999999906e+01
5.952000000000000846e+00
3.967999999999999972e+00
9.141000000000000014e+00
1.040000000000000213e+01
1.045700000000000252e+01
1.054299999999999926e+01
8.128000000000001890e+00
7.645999999999999908e+00
8.684000000000001052e+00
5.671999999999999709e+00
9.956999999999997186e+00
1.116100000000000314e+01
6.227999999999999758e+00
8.290000000000000924e+00
1.043299999999999983e+01
1.124300000000000033e+01
6.783000000000000362e+00
7.395000000000000462e+00
7.032000000000000917e+00
5.756999999999999673e+00
8.824999999999999289e+00
8.439999999999999503e+00
1.218799999999999883e+01
1.373399999999999999e+01
1.181699999999999839e+01
1.428499999999999837e+01
8.639999999999998792e+00
1.148200000000000109e+01
1.243400000000000283e+01
1.259400000000000297e+01
1.287199999999999989e+01
1.419300000000000317e+01
1.738200000000000500e+01
1.564400000000000013e+01
1.347199999999999953e+01
1.864700000000000202e+01
1.330600000000000271e+01
7.039000000000001478e+00
1.227200000000000202e+01
1.024199999999999910e+01
1.163700000000000045e+01
9.805000000000001492e+00
1.385799999999999699e+01
1.262399999999999878e+01
1.515100000000000158e+01
8.282000000000000028e+00
7.029999999999999361e+00
8.706000000000001293e+00
1.766300000000000026e+01
1.133600000000000207e+01
1.561200000000000010e+01
1.241200000000000259e+01
3.785999999999999144e+00
8.557000000000000384e+00
7.738999999999999879e+00
7.704000000000001513e+00
7.688000000000000611e+00
1.146699999999999875e+01
5.857999999999999652e+00
7.825000000000000178e+00
1.069999999999999929e+01
8.872999999999999332e+00
9.149000000000000909e+00
1.046299999999999919e+01
9.659999999999998366e+00
5.690000000000000391e+00
9.314000000000000057e+00
9.125999999999997669e+00
8.326000000000000512e+00
8.329999999999998295e+00
6.612000000000000988e+00
6.396999999999999353e+00
1.177900000000000169e+01
1.471900000000000475e+01
1.225099999999999945e+01
1.615099999999999625e+01
9.500000000000000000e+00
1.094599999999999795e+01
6.799999999999999822e+00
1.132400000000000162e+01
1.254299999999999926e+01
1.189100000000000001e+01
1.321499999999999808e+01
1.124800000000000288e+01
1.161700000000000088e+01
1.060199999999999854e+01
7.363000000000000433e+00
