7.900000000000000000e+01
6.300000000000000000e+01
0.000000000000000000e+00
1.125000000000000000e+01
1.000000000000000000e+00
1.000000000000000000e+00
6.050000000000000000e+01
2.575000000000000000e+01
5.750000000000000000e+01
1.885000000000000000e+02
1.100000000000000000e+01
1.170000000000000000e+02
1.110000000000000000e+02
8.500000000000000000e+01
1.065000000000000000e+02
2.000000000000000000e+01
3.400000000000000000e+01
8.400000000000000000e+01
3.700000000000000000e+01
7.650000000000000000e+01
6.400000000000000000e+01
1.135000000000000000e+02
5.100000000000000000e+01
8.025000000000000000e+01
6.200000000000000000e+01
1.280000000000000000e+02
1.125000000000000000e+02
1.110000000000000000e+02
8.600000000000000000e+01
1.550000000000000000e+01
4.300000000000000000e+01
3.700000000000000000e+01
3.300000000000000000e+01
4.900000000000000000e+01
6.300000000000000000e+01
1.007500000000000000e+02
7.275000000000000000e+01
2.300000000000000000e+01
6.100000000000000000e+01
4.950000000000000000e+01
4.125000000000000000e+01
1.325000000000000000e+02
3.900000000000000000e+01
1.010000000000000000e+02
5.000000000000000000e+01
4.700000000000000000e+01
7.600000000000000000e+01
4.300000000000000000e+01
1.200000000000000000e+01
7.400000000000000000e+01
2.700000000000000000e+01
9.675000000000000000e+01
1.500000000000000000e+01
3.600000000000000000e+01
1.050000000000000000e+02
1.015000000000000000e+02
6.900000000000000000e+01
3.700000000000000000e+01
1.310000000000000000e+02
2.200000000000000000e+01
2.200000000000000000e+01
1.075000000000000000e+01
4.300000000000000000e+01
2.600000000000000000e+01
1.150000000000000000e+02
1.087500000000000000e+02
2.100000000000000000e+01
1.247500000000000000e+02
1.600000000000000000e+01
1.010000000000000000e+02
2.800000000000000000e+01
5.400000000000000000e+01
2.000000000000000000e+01
3.600000000000000000e+01
1.170000000000000000e+02
2.652500000000000000e+02
9.925000000000000000e+01
2.070000000000000000e+02
1.275000000000000000e+02
3.000000000000000000e+01
1.050000000000000000e+02
9.000000000000000000e+00
7.000000000000000000e+01
4.900000000000000000e+01
5.150000000000000000e+01
1.155000000000000000e+02
4.950000000000000000e+01
4.800000000000000000e+01
5.250000000000000000e+01
7.850000000000000000e+01
5.300000000000000000e+01
2.700000000000000000e+01
5.400000000000000000e+01
8.250000000000000000e+01
6.200000000000000000e+01
1.365000000000000000e+02
3.700000000000000000e+01
2.400000000000000000e+01
5.300000000000000000e+01
1.500000000000000000e+01
5.450000000000000000e+01
3.500000000000000000e+01
1.160000000000000000e+02
1.335000000000000000e+02
8.000000000000000000e+00
1.232500000000000000e+02
3.400000000000000000e+01
4.000000000000000000e+00
3.100000000000000000e+01
2.400000000000000000e+01
6.300000000000000000e+01
6.200000000000000000e+01
1.110000000000000000e+02
1.637500000000000000e+02
3.100000000000000000e+01
4.200000000000000000e+01
5.100000000000000000e+01
5.200000000000000000e+01
1.130000000000000000e+02
4.600000000000000000e+01
1.430000000000000000e+02
2.250000000000000000e+01
6.025000000000000000e+01
8.325000000000000000e+01
8.900000000000000000e+01
1.005000000000000000e+02
5.100000000000000000e+01
2.500000000000000000e+01
1.295000000000000000e+02
2.200000000000000000e+01
