4.519999999999999574e+00
9.371999999999999886e+00
1.085700000000000109e+01
9.774000000000000909e+00
5.741000000000000547e+00
8.673000000000001819e+00
3.883000000000000451e+00
3.020999999999999908e+00
6.963000000000000078e+00
5.450999999999998735e+00
8.509000000000000341e+00
7.937000000000002053e+00
9.366999999999999105e+00
1.260499999999999865e+01
7.809000000000000163e+00
1.043599999999999817e+01
7.216000000000000192e+00
4.956000000000000405e+00
8.159999999999998366e+00
6.982000000000000206e+00
6.324000000000000732e+00
4.680000000000000604e+00
3.361000000000000210e+00
6.731000000000001648e+00
3.385000000000000231e+00
7.555000000000003268e+00
4.826000000000001400e+00
6.198000000000000398e+00
5.228999999999999204e+00
5.728999999999999204e+00
8.895000000000001350e+00
9.013000000000001677e+00
1.209400000000000297e+01
8.355000000000000426e+00
9.441000000000002501e+00
9.005000000000000782e+00
4.945000000000000284e+00
4.371000000000000441e+00
1.366200000000000259e+01
5.669999999999999929e+00
8.035000000000000142e+00
5.513999999999999346e+00
7.936000000000000831e+00
1.193199999999999861e+01
6.570999999999998842e+00
1.272899999999999565e+01
1.048199999999999754e+01
2.103000000000000469e+01
1.143100000000000094e+01
1.722300000000000253e+01
1.180299999999999727e+01
1.141199999999999903e+01
1.200000000000000178e+01
6.576000000000002288e+00
6.080000000000000071e+00
4.748999999999999666e+00
7.600999999999999979e+00
7.808000000000001606e+00
4.142000000000000348e+00
1.518299999999999983e+01
1.100899999999999501e+01
1.296199999999999797e+01
6.572000000000000952e+00
1.490599999999999881e+01
5.492999999999999439e+00
4.288000000000000256e+00
4.762999999999998124e+00
5.594000000000000306e+00
7.077000000000001734e+00
7.062999999999999723e+00
1.078400000000000247e+01
1.064299999999999891e+01
6.263999999999999346e+00
9.040999999999998593e+00
6.315999999999999837e+00
7.594999999999998863e+00
6.821999999999998288e+00
4.958000000000000185e+00
7.877000000000000668e+00
5.827000000000000846e+00
4.931000000000000938e+00
3.005000000000000338e+00
6.302999999999998160e+00
5.389999999999999680e+00
6.751000000000001222e+00
8.432999999999999829e+00
6.809000000000000163e+00
4.919999999999999929e+00
2.922999999999999599e+00
4.782000000000000028e+00
4.202999999999999403e+00
9.873999999999998778e+00
9.323000000000000398e+00
1.093500000000000227e+01
8.841000000000001080e+00
3.004999999999999893e+00
7.580000000000000071e+00
1.008199999999999896e+01
6.046000000000000263e+00
6.288000000000000256e+00
6.165000000000000036e+00
1.409100000000000108e+01
1.452999999999999758e+01
1.161800000000000033e+01
1.205000000000000071e+01
1.327999999999999581e+01
2.043799999999999883e+01
1.037000000000000099e+01
1.183800000000000452e+01
1.423500000000000121e+01
1.335400000000000098e+01
1.010400000000000098e+01
1.123799999999999955e+01
8.954000000000000625e+00
6.789000000000000590e+00
5.143999999999999240e+00
5.369000000000001549e+00
3.825999999999999623e+00
6.019000000000001016e+00
3.633999999999999897e+00
5.275999999999999801e+00
4.903000000000000469e+00
4.431000000000000938e+00
5.058000000000000718e+00
4.825000000000000178e+00
3.326000000000000068e+00
6.452999999999999403e+00
7.885000000000000675e+00
5.918999999999998707e+00
2.141999999999999904e+00
